% # columns="iteration, evaluation, sigma, axis ratio, bestever, best, median, worst objective function value, further objective values of best", seed=812564, Tue Dec 22 23:27:14 2020, <python>{}</python>
1 15 0.9577745331757636 1.0000490012005196 394.69486481285236 3.9469486481285236e+02 472.65370406364815 523.3392468416091   
2 30 0.9293407933418306 1.0564428129395018 346.7591570687735 3.4675915706877350e+02 448.5369807530458 537.1576036627343   
3 45 0.9182477628163026 1.063790209534786 337.58955990409635 3.3758955990409635e+02 402.3023677483257 449.86005615240435   
4 60 0.9151361740162992 1.076310065692361 337.58955990409635 3.4367774466385004e+02 414.9107702371083 500.804062638213   
5 75 0.9164999904211204 1.086438254997573 337.58955990409635 3.6630777483617015e+02 406.570338951087 469.92515451459786   
6 90 0.9351028268173948 1.1008799324134375 280.7429300864961 2.8074293008649607e+02 378.57461264416327 489.3042419361722   
7 105 0.9509125742349767 1.1221222241611641 266.04407792123845 2.6604407792123845e+02 357.83036929855535 429.31621348350694   
8 120 0.957103365380218 1.1387142758978095 198.79572811842033 1.9879572811842033e+02 381.10360759697494 449.14802952269156   
9 135 0.9671093072823737 1.1544217723700954 198.79572811842033 2.6045675533195811e+02 301.523597881485 421.8606930281186   
10 150 0.9890239963857178 1.174294059325825 198.79572811842033 2.5044634426530928e+02 313.7180917035941 404.79198403884413   
11 165 1.0236721095699337 1.1982078203419138 141.90143986273821 1.4190143986273821e+02 233.3801505480187 331.5714046349668   
12 180 1.0591835207778972 1.227509113152792 96.28579004268218 9.6285790042682180e+01 222.46117396957658 350.1221464558993   
13 195 1.0891783397913817 1.2521496946428758 65.02383209274393 6.5023832092743930e+01 186.21125453300985 285.3446078278731   
14 210 1.129338006426587 1.2738720053341233 27.793549421292553 2.7793549421292553e+01 201.0523518016191 318.4459725851596   
15 225 1.1938737786400904 1.3024423572726145 -108.6459154726092 -1.0864591547260920e+02 97.64792141240858 315.17459648084537   
16 240 1.2546494216139645 1.325492389876443 -108.6459154726092 -1.0520258797690857e+02 -8.323947530499844 125.28920817104117   
17 255 1.3280701790973837 1.3480544067573883 -288.17954433172656 -2.8817954433172656e+02 -46.88986634031731 46.22501281023136   
18 270 1.4143907315083075 1.3667746056245653 -345.9314124474285 -3.4593141244742850e+02 -209.98588699720221 14.878327864500136   
19 285 1.5025731859157478 1.3836923959927725 -498.2605678276961 -4.9826056782769609e+02 -304.23893758499656 -19.637669996202376   
20 300 1.6163289256832383 1.4001329041454744 -715.7602159604284 -7.1576021596042835e+02 -498.1195251573013 -195.09218221220817   
21 315 1.7510840198658253 1.4173761634397368 -983.4232935437394 -9.8342329354373942e+02 -692.3741509975135 -405.70300379256685   
22 330 1.8943355699925808 1.4305642762452266 -1169.873161031177 -1.1698731610311770e+03 -893.8159010084996 -524.2464543677403   
23 345 2.0618118244891575 1.4422216371378747 -1702.495194380037 -1.7024951943800370e+03 -1126.4120341287637 -915.4474375483297   
24 360 2.2698253478756003 1.4550379805679394 -2103.2438164615824 -2.1032438164615824e+03 -1554.1070203076108 -1209.6888404116646   
25 375 2.5028224458611654 1.467151469568347 -2517.7517687441054 -2.5177517687441054e+03 -2105.7407477853903 -1886.7035479701553   
26 390 2.7531271460994726 1.4734942616967512 -3030.2874731753527 -3.0302874731753527e+03 -2740.1754187954825 -1724.6439552742606   
27 405 3.051421925193228 1.4792953135396982 -4122.652811241761 -4.1226528112417609e+03 -2865.943685120562 -2247.1286134094494   
28 420 3.330433352585682 1.490090865666297 -4403.870334997892 -4.4038703349978923e+03 -3968.790836001217 -3080.9495672032467   
29 435 3.63880962974542 1.4953496373992399 -5621.957510637238 -5.6219575106372376e+03 -4548.246856314492 -3502.482038271605   
30 450 3.9691101255768526 1.5015360506423612 -6745.856047040145 -6.7458560470401453e+03 -5125.242787874114 -3460.6323109922814   
31 465 4.3350937229320765 1.504080657456915 -8291.355695211987 -8.2913556952119870e+03 -6533.1831670629035 -5267.095603113554   
32 480 4.754376654601196 1.5114527359109802 -11113.022345221452 -1.1113022345221452e+04 -7962.25001628328 -5623.824990995057   
33 495 5.242421159277957 1.5177701722220063 -13159.592523651057 -1.3159592523651057e+04 -10690.777760151554 -8241.948154775762   
34 510 5.769040054466136 1.5200553548725204 -15804.659272664698 -1.5804659272664698e+04 -12253.837665940608 -9566.665497087206   
35 525 6.383695587766741 1.5224741024648356 -19841.90646468579 -1.9841906464685791e+04 -16672.445351738246 -12875.02726389454   
36 540 7.045876311986707 1.5258698945878832 -23164.935124542488 -2.3164935124542488e+04 -19673.883418994854 -15209.725597813405   
37 555 7.820796645424095 1.5321132840026792 -29555.241559788505 -2.9555241559788505e+04 -23597.559772017103 -17576.185359247385   
38 570 8.671482710917847 1.5370296375344445 -34472.20575426847 -3.4472205754268471e+04 -27581.31509914073 -20676.91428590091   
39 585 9.578069362917292 1.536746383918516 -42646.62327427504 -4.2646623274275044e+04 -32478.867237442115 -26861.83251873475   
40 600 10.58473395630461 1.5382804938220709 -53021.013031619696 -5.3021013031619696e+04 -37904.91765876164 -35449.65917739707   
41 615 11.694182727470332 1.5413170951958057 -58709.89763052281 -5.8709897630522813e+04 -45942.2680581464 -37837.356691265675   
42 630 12.779189652446952 1.5380459884917534 -60072.46872753758 -6.0072468727537584e+04 -52966.66539804212 -41033.143780422615   
43 645 13.95531762676158 1.53771105833974 -74262.5938860462 -7.4262593886046205e+04 -60987.1544104019 -53550.17209153592   
44 660 15.223832268959535 1.5422184765816456 -100156.56427561655 -1.0015656427561655e+05 -67691.70494688324 -54750.33025403978   
45 675 16.592151039465627 1.5469991425967209 -104634.35050119816 -1.0463435050119816e+05 -86291.7602432229 -70014.07320368488   
46 690 18.04834194632504 1.5428015965315893 -124892.09294094786 -1.2489209294094786e+05 -101153.1319733252 -80230.23902361914   
47 705 19.643050290245974 1.5457500518778884 -150999.33243557246 -1.5099933243557246e+05 -120187.25250877306 -102489.81691755912   
48 720 21.370652920225886 1.5494148355955704 -182250.03626181683 -1.8225003626181683e+05 -146751.23252802735 -119682.01479024999   
49 735 23.133900690931487 1.5519953604027825 -203517.24980123018 -2.0351724980123018e+05 -182158.24391466923 -148308.81062246938   
50 750 25.06745387395141 1.550666312243674 -249666.44616616695 -2.4966644616616695e+05 -213356.58466815416 -157656.50435059116   
51 765 26.98565080360593 1.5555071054510037 -263882.01036075247 -2.6388201036075247e+05 -237287.7102873258 -191134.25828683196   
52 780 29.097391180954876 1.5520368021687412 -317716.71300785785 -3.1771671300785785e+05 -276085.9181231967 -243408.52399864752   
53 795 31.649818368531225 1.5532702914817278 -395956.1554300204 -3.9595615543002042e+05 -314729.67580068676 -242672.4391536852   
54 810 34.27148216653106 1.5505854118134446 -438664.61588034674 -4.3866461588034674e+05 -368039.54541528935 -321592.14398948936   
55 825 36.88952996506253 1.551983118948976 -526666.1558094075 -5.2666615580940747e+05 -421463.66376148263 -343909.7504814034   
56 840 39.460270065878724 1.556266194811314 -602834.7045177864 -6.0283470451778639e+05 -505747.76048195246 -407866.1955568296   
57 855 42.61962827940642 1.5590702689968479 -774204.9870338424 -7.7420498703384236e+05 -638670.346452923 -480740.10508033703   
58 870 45.86621777375993 1.560253180026093 -920039.5071701127 -9.2003950717011269e+05 -753580.8635990659 -609100.1211662029   
59 885 49.65602925597971 1.5647553798949232 -1057236.4297195333 -1.0572364297195333e+06 -910223.5980010814 -626569.7494473815   
60 900 53.888622244806434 1.5651870979123406 -1388136.3386502585 -1.3881363386502585e+06 -1116350.7306787397 -827450.0300272509   
61 915 58.46859974985862 1.5670976014129705 -1553160.5811758807 -1.5531605811758807e+06 -1293725.976278557 -1062497.2568599165   
62 930 63.591912993055566 1.5671204919745296 -1817502.6493871124 -1.8175026493871124e+06 -1509781.7430933758 -1251464.804592283   
63 945 68.46768293107708 1.5689436046965655 -2187744.5501817353 -2.1877445501817353e+06 -1637965.4092863512 -1471281.4869967902   
64 960 73.85546603862666 1.5674406557766662 -2607920.37975775 -2.6079203797577498e+06 -2013730.4276261122 -1540141.404647559   
65 975 79.65901363263497 1.5689251790837389 -2767809.8914362397 -2.7678098914362397e+06 -2608006.042337654 -2034054.5523766945   
66 990 86.56088506566437 1.5715399503950107 -3589936.952939366 -3.5899369529393660e+06 -2898138.359693228 -2098231.7078224416   
67 1005 94.06653310887474 1.5717706105520743 -4165119.9597299495 -4.1651199597299495e+06 -3441824.061602028 -2525984.62400511   
68 1020 103.24222697374685 1.5717830013153238 -5629237.3320615385 -5.6292373320615385e+06 -4028067.982961888 -3540281.9312014966   
69 1035 113.77996654948237 1.5789673912901432 -6493450.217619097 -6.4934502176190969e+06 -4863377.846124075 -3892482.946781899   
70 1050 125.6844223616573 1.578757930036916 -6998782.777975142 -6.9987827779751420e+06 -6059316.112983615 -4886255.276162632   
71 1065 138.0288195919619 1.575796277110878 -8669731.048410807 -8.6697310484108068e+06 -7040803.271156693 -6315354.807624928   
72 1080 152.1873638024967 1.5724575770855536 -10453329.41856796 -1.0453329418567959e+07 -8322114.337378064 -7026091.598189492   
73 1095 167.8369396099294 1.572707854994482 -12296037.223819215 -1.2296037223819215e+07 -9377418.114630789 -7549901.48646488   
74 1110 185.1395682909057 1.5736158760895798 -14949802.151692327 -1.4949802151692327e+07 -11354866.481983935 -8177435.942433972   
75 1125 202.91200420440742 1.5724490047349902 -16948350.978781015 -1.6948350978781015e+07 -14430131.602809811 -11979263.698461423   
76 1140 222.3797251975847 1.5754745432582329 -20585132.823968586 -2.0585132823968586e+07 -16097761.038740508 -12557845.278506551   
77 1155 245.02272226105126 1.5773648140415708 -26603778.643209845 -2.6603778643209845e+07 -20436524.71688378 -13568281.373652913   
78 1170 268.07664485894975 1.5758338239131662 -27544626.170407504 -2.7544626170407504e+07 -24474479.915721647 -15851634.42736866   
79 1185 290.9016623361931 1.5722656877836947 -31710239.540711224 -3.1710239540711224e+07 -28203103.93839304 -22561277.378466804   
80 1200 317.11311337900645 1.57827186868774 -40475674.801330425 -4.0475674801330425e+07 -32710774.56803488 -26040009.928640336   
81 1215 348.13414575161124 1.581999225709037 -47695829.31457616 -4.7695829314576156e+07 -43506589.9378483 -31524934.110592715   
82 1230 384.0319864958186 1.5870394007724478 -58947849.44623774 -5.8947849446237743e+07 -51514720.22638542 -45090951.85095454   
83 1245 424.78084543952656 1.5900444633680315 -78309658.31984243 -7.8309658319842428e+07 -58448497.39791538 -41712826.973884314   
84 1260 467.77755183027887 1.5909052168945061 -96566588.01050003 -9.6566588010500029e+07 -73110600.8748682 -63633819.55216052   
85 1275 513.8647742494028 1.595620766714986 -107553027.37553923 -1.0755302737553923e+08 -83362995.89679937 -71816538.80604532   
86 1290 561.7122995827408 1.5937872822337515 -132050677.90423746 -1.3205067790423746e+08 -99065115.68115686 -72085206.75125255   
87 1305 612.7717772515938 1.5926233225461972 -155794460.53482562 -1.5579446053482562e+08 -119910334.82996531 -105440768.07178682   
88 1320 676.849776657437 1.5963854348401705 -205951910.79832032 -2.0595191079832032e+08 -154144637.042619 -125155430.31577174   
89 1335 743.9557726358262 1.6037306448426754 -236743793.65810138 -2.3674379365810138e+08 -184422680.10747188 -135716335.44718817   
90 1350 823.6023630990372 1.6015883473829173 -320140556.1567943 -3.2014055615679431e+08 -234148923.78746295 -180003491.9287863   
91 1365 901.877492413623 1.6084129795131317 -337060579.71243715 -3.3706057971243715e+08 -285081401.36131495 -243260878.6677894   
92 1380 996.4447582876575 1.6052512107459473 -437332831.08037 -4.3733283108037001e+08 -337130153.0930911 -281096811.6360689   
